Rendimiento = 0.9990790748934242
Redundancia = 9.209251065758206E-4
