Rendimiento = 0.9966654025258318
Redundancia = 0.0033345974741681994
