Rendimiento = 0.9870654297546751
Redundancia = 0.01293457024532485
